a = [ -9.320511711927500
  -9.132218546029975
  -8.943925380132448
  -8.755632214234923
  -8.567339048337399
  -8.379045882439874
  -8.190752716542349
  -8.002459550644822
  -7.814166384747297
  -7.625873218849773
  -7.437580052952247
  -7.249286887054722
  -7.060993721157197
  -6.872700555259671
  -6.684407389362146
  -6.496114223464621
  -6.307821057567097
  -6.119527891669570
  -5.931234725772045
  -5.742941559874520
  -5.554648393976994
  -5.366355228079470
  -5.178062062181944
  -4.989768896284419
  -4.801475730386894
  -4.613182564489368
  -4.424889398591843
  -4.236596232694318
  -4.048303066796793
  -3.860009900899268
  -3.671716735001743
  -3.483423569104217
  -3.295130403206692
  -3.106837237309167
  -2.918544071411641
  -2.730250905514116
  -2.541957739616592
  -2.353664573719066
  -2.165371407821541
  -1.977078241924015
  -1.788785076026490
  -1.600491910128964
  -1.412198744231439
  -1.223905578333913
  -1.035612412436388
  -0.847319246538864
  -0.659026080641338
  -0.470732914743814
  -0.282439748846289
  -0.094146582948763
   0.094146582948762
   0.282439748846288
   0.470732914743813
   0.659026080641338
   0.847319246538864
   1.035612412436389
   1.223905578333915
   1.412198744231440
   1.600491910128963
   1.788785076026490
   1.977078241924014
   2.165371407821541
   2.353664573719065
   2.541957739616592
   2.730250905514116
   2.918544071411642
   3.106837237309167
   3.295130403206693
   3.483423569104217
   3.671716735001744
   3.860009900899268
   4.048303066796793
   4.236596232694317
   4.424889398591843
   4.613182564489367
   4.801475730386894
   4.989768896284418
   5.178062062181943
   5.366355228079470
   5.554648393976994
   5.742941559874520
   5.931234725772044
   6.119527891669571
   6.307821057567095
   6.496114223464621
   6.684407389362146
   6.872700555259673
   7.060993721157197
   7.249286887054724
   7.437580052952248
   7.625873218849772
   7.814166384747298
   8.002459550644822
   8.190752716542349
   8.379045882439872
   8.567339048337400
   8.755632214234922
   8.943925380132452
   9.132218546029973
   9.320511711927500];

b = [0.000000000000000
   0.000000000000000
   0.000000000000000
   0.000000000000000
   0.000000000000000
   0.000000000000000
   0.000000000000002
   0.000000000000009
   0.000000000000041
   0.000000000000177
   0.000000000000731
   0.000000000002912
   0.000000000011201
   0.000000000041589
   0.000000000149036
   0.000000000515475
   0.000000001720784
   0.000000005544312
   0.000000017241352
   0.000000051748450
   0.000000149908330
   0.000000419137550
   0.000001131070723
   0.000002945949769
   0.000007405651995
   0.000017968161746
   0.000042077156464
   0.000095102405824
   0.000207462214892
   0.000436806309425
   0.000887648823246
   0.001740988275864
   0.003295739653982
   0.006021605980753
   0.010618768611453
   0.018073337826131
   0.029689642051970
   0.047073223902535
   0.072035290200845
   0.106394471947280
   0.151668434068257
   0.208676588563026
   0.277111557817796
   0.355171359270049
   0.439363141674254
   0.524579954005530
   0.604508130568916
   0.672349348317215
   0.721755689658920
   0.747804079586400
   0.747804079586400
   0.721755689658920
   0.672349348317215
   0.604508130568916
   0.524579954005530
   0.439363141674254
   0.355171359270048
   0.277111557817796
   0.208676588563026
   0.151668434068257
   0.106394471947280
   0.072035290200845
   0.047073223902535
   0.029689642051970
   0.018073337826131
   0.010618768611453
   0.006021605980753
   0.003295739653982
   0.001740988275864
   0.000887648823246
   0.000436806309425
   0.000207462214892
   0.000095102405824
   0.000042077156464
   0.000017968161746
   0.000007405651995
   0.000002945949769
   0.000001131070723
   0.000000419137550
   0.000000149908330
   0.000000051748450
   0.000000017241352
   0.000000005544312
   0.000000001720784
   0.000000000515475
   0.000000000149036
   0.000000000041589
   0.000000000011201
   0.000000000002912
   0.000000000000731
   0.000000000000177
   0.000000000000041
   0.000000000000009
   0.000000000000002
   0.000000000000000
   0.000000000000000
   0.000000000000000
   0.000000000000000
   0.000000000000000
   0.000000000000000];

c1 = [ -0.040776944720299
  -0.040343441270565
  -0.039044676486752
  -0.036885880036253
  -0.033875744630442
  -0.030026391022188
  -0.025353319199867
  -0.019875345974376
  -0.013614529210476
  -0.006596079007562
   0.001151743812520
   0.009597741501819
   0.018707905008600
   0.028445550919800
   0.038771469172173
   0.049644080937388
   0.061019606045284
   0.072852239271175
   0.085094334777313
   0.097696597965867
   0.110608283970866
   0.123777401989867
   0.137150924632567
   0.150675001443383
   0.164295175738239
   0.177956603882404
   0.191604276126457
   0.205183238111133
   0.218638812149129
   0.231916817392856
   0.244963788001585
   0.257727188429523
   0.270155624967910
   0.282199052689343
   0.293808976961042
   0.304938648715615
   0.315543252693055
   0.325580087895973
   0.335008739531446
   0.343791241747121
   0.351892230506305
   0.359279085986459
   0.365922063927709
   0.371794415402483
   0.376872494524002
   0.381135853659919
   0.384567325767722
   0.387153093520347
   0.388882744943686
   0.389749315341927
   0.389749315341928
   0.388882744943686
   0.387153093520347
   0.384567325767722
   0.381135853659919
   0.376872494524002
   0.371794415402483
   0.365922063927709
   0.359279085986460
   0.351892230506305
   0.343791241747121
   0.335008739531446
   0.325580087895973
   0.315543252693055
   0.304938648715615
   0.293808976961042
   0.282199052689343
   0.270155624967909
   0.257727188429523
   0.244963788001585
   0.231916817392856
   0.218638812149129
   0.205183238111133
   0.191604276126457
   0.177956603882404
   0.164295175738239
   0.150675001443384
   0.137150924632567
   0.123777401989867
   0.110608283970866
   0.097696597965867
   0.085094334777313
   0.072852239271175
   0.061019606045284
   0.049644080937388
   0.038771469172173
   0.028445550919800
   0.018707905008600
   0.009597741501818
   0.001151743812520
  -0.006596079007561
  -0.013614529210476
  -0.019875345974375
  -0.025353319199867
  -0.030026391022188
  -0.033875744630442
  -0.036885880036253
  -0.039044676486752
  -0.040343441270565
  -0.040776944720299];

